 8                                   ! NAUC
 2  2  1                             ! NCELL(j), j = 1, 3
 4.8618666   4.8618666   10.0        ! LPAR(1), LPAR(2), LPAR(3)   
 1.0   0.000000000   0.0             ! Primitive Vectors in lattice parameter units
 0.5   0.866025404   0.0 
 0.0   0.000000000   1.0     
 1   1.2154671304   0.7017502751   0.00
 2   2.4309342608   1.4035005502   0.00
 1   3.6464013912   0.7017502751   0.00
 1   4.8618685216   1.4035005502   0.00
 2   4.8618685216   2.8070011004   0.00
 1   6.0773356521   3.5087513755   0.00
 1   3.6464013912   3.5087513755   0.00
 1   2.4309342608   2.8070011004   0.00

